1 40 75 60 100 4 1;
0 40 70 60 85 16 1;
2 40 65 50 90 15 1;
3 35 55 50 75 12 1;
5 35 70 50 105 1 1;
4 30 60 45 85 6 1;
30 40 60 50 70 16 1;
34 40 70 50 82 8 1;
32 35 60 50 70 6 1;
35 25 60 40 55 26 1;
31 38 60 50 100 1 1;
33 45 60 53 90 6 1;
21 25 45 50 88 11 6;
20 30 60 50 85 6 6;
23 30 70 50 70 6 6;
22 30 65 45 70 6 6;
24 35 60 50 75 1 6;
25 35 60 60 75 1 6;
43 30 70 40 70 6 6;
42 35 60 45 80 1 6;
44 40 70 50 105 1 6;
41 38 60 53 84 1 6;
45 48 70 60 75 6 6;
40 35 60 60 70 9 6;
15 50 75 55 100 1 1;
14 40 65 50 80 16 1;
13 40 50 60 65 6 1;
12 34 50 50 68 11 1;
11 35 55 45 75 6 1;
10 35 50 45 60 11 1;
