0 30 70 60 70 20 20;
1 30 70 60 70 20 20;
2 30 70 60 70 20 20;
3 30 70 60 70 20 20;
4 30 70 60 70 20 20;
5 30 70 60 70 20 20;
10 30 70 60 70 20 20;
11 30 70 60 70 20 20;
12 30 70 60 70 20 20;
13 10 40 30 45 20 20;
14 30 70 60 70 20 20;
15 30 70 60 70 20 20;
20 30 70 60 70 20 20;
21 30 70 60 70 20 20;
22 30 70 60 70 20 20;
23 30 70 60 70 20 20;
24 30 70 60 70 20 20;
25 30 70 60 70 20 20;
30 30 70 60 70 20 20;
31 30 70 60 70 20 20;
32 30 70 60 70 20 20;
33 30 70 60 70 20 20;
34 30 70 60 70 20 20;
35 30 70 60 70 20 20;
40 30 70 60 70 20 20;
41 30 70 60 70 20 20;
42 30 70 60 70 20 20;
43 10 40 30 45 20 20;
44 30 70 60 70 20 20;
45 30 70 60 70 20 20;
50 30 70 60 70 20 20;
51 30 70 60 70 20 20;
52 30 70 60 70 20 20;
53 30 70 60 70 20 20;
54 30 70 60 70 20 20;
55 30 70 60 70 20 20;
